ONEWEB-0108             
1 48076U 21025AL  26111.85677565 -.00000317  00000+0 -90355-3 0  9992
2 48076  87.8979 331.4296 0001754  91.7870 268.3460 13.13468642246258
ONEWEB-0169             
1 48077U 21025AM  26111.88895366  .00000492  00000+0  13127-2 0  9990
2 48077  87.8972 331.4363 0001670  88.3936 271.7384 13.13467849244911
ONEWEB-0176             
1 48210U 21031A   26111.24288184 -.00000283  00000+0 -79697-3 0  9995
2 48210  87.8929 301.0646 0001757  86.7679 273.3652 13.14502747240832
ONEWEB-0184             
1 48211U 21031B   26111.82487021  .00000190  00000+0  47918-3 0  9997
2 48211  87.8941 300.9443 0002154  69.1893 290.9468 13.14502222240888
ONEWEB-0179             
1 48212U 21031C   26112.00002315  .00245464  00000+0  20797+0 0  9995
2 48212  87.8938 300.3298 0056782  72.2171 118.3534 13.84986132  5202
ONEWEB-0180             
1 48213U 21031D   26111.06684362  .00000111  00000+0  26553-3 0  9997
2 48213  87.8928 301.0958 0001525  80.3791 279.7511 13.14501576240718
ONEWEB-0218             
1 48214U 21031E   26111.77412227 -.00000189  00000+0 -54422-3 0  9998
2 48214  87.8929 300.9526 0001953  62.8675 297.2653 13.14502597240963
ONEWEB-0209             
1 48215U 21031F   26111.23020057 -.00000009  00000+0 -59057-4 0  9997
2 48215  87.8925 301.0842 0001480  87.7191 272.4108 13.14501871240893
ONEWEB-0198             
1 48216U 21031G   26111.82342304  .00000206  00000+0  52184-3 0  9995
2 48216  87.8919 300.9665 0001538  75.9163 284.2138 13.14502183241083
ONEWEB-0189             
1 48217U 21031H   26111.75985157  .00000085  00000+0  19450-3 0  9991
2 48217  87.8934 300.9589 0001588  78.9710 281.1598 13.14502312240812
ONEWEB-0196             
1 48218U 21031J   26111.96600728  .00000149  00000+0  36674-3 0  9991
2 48218  87.8925 300.9279 0001629  86.7851 273.3465 13.14503041240847
ONEWEB-0183             
1 48219U 21031K   26111.78839072 -.00000191  00000+0 -54931-3 0  9993
2 48219  87.8924 300.9624 0001650  96.9339 263.1979 13.14502409240911
ONEWEB-0185             
1 48220U 21031L   26111.89068507  .00000193  00000+0  48740-3 0  9995
2 48220  87.8935 300.9303 0001321  96.6880 263.4400 13.14503044240853
ONEWEB-0187             
1 48221U 21031M   26111.79460383 -.00000145  00000+0 -42646-3 0  9991
2 48221  87.8911 300.9751 0001466  87.8422 272.2876 13.14497728240855
ONEWEB-0192             
1 48222U 21031N   26111.76460948 -.00000037  00000+0 -13327-3 0  9990
2 48222  87.8917 300.9697 0001740  87.0092 273.1237 13.14501698240764
ONEWEB-0219             
1 48223U 21031P   26111.97234673  .00000276  00000+0  71048-3 0  9995
2 48223  87.8923 300.9179 0001495  91.0370 269.0931 13.14503264240999
ONEWEB-0202             
1 48224U 21031Q   26111.95331003 -.00000017  00000+0 -79884-4 0  9991
2 48224  87.8927 300.9315 0001861  69.0389 291.0940 13.14504219240972
ONEWEB-0204             
1 48225U 21031R   26111.75905815  .00000058  00000+0  12324-3 0  9996
2 48225  87.8929 300.9651 0001624 100.5063 259.6250 13.14502587240841
ONEWEB-0205             
1 48226U 21031S   26111.88671374  .00000084  00000+0  19087-3 0  9993
2 48226  87.8929 300.9304 0001514  90.2494 269.8809 13.14502621240873
ONEWEB-0206             
1 48227U 21031T   26111.85975936 -.00000184  00000+0 -53160-3 0  9995
2 48227  87.8929 300.9384 0001940  93.6791 266.4560 13.14503646240822
ONEWEB-0182             
1 48228U 21031U   26111.77887788 -.00000158  00000+0 -46031-3 0  9994
2 48228  87.8929 300.9644 0001704  97.6285 262.5038 13.14503389241026
ONEWEB-0186             
1 48229U 21031V   26111.78998188 -.00000164  00000+0 -47822-3 0  9999
2 48229  87.8927 300.9499 0001617  89.1523 270.9792 13.14502664240975
ONEWEB-0181             
1 48230U 21031W   26111.76778488 -.00000082  00000+0 -25600-3 0  9997
2 48230  87.8919 300.9919 0001640  85.0023 275.1294 13.14501683240829
ONEWEB-0188             
1 48231U 21031X   26111.95808151  .00000105  00000+0  24842-3 0  9991
2 48231  87.8917 300.9519 0001696  91.2339 268.8985 13.14501897240759
ONEWEB-0220             
1 48232U 21031Y   26111.76935942 -.00000068  00000+0 -21761-3 0  9997
2 48232  87.8936 300.9544 0001488  90.7767 269.3533 13.14503155240997
ONEWEB-0165             
1 48233U 21031Z   26111.95014630 -.00000058  00000+0 -19211-3 0  9997
2 48233  87.8925 300.9349 0001647  78.8080 281.3235 13.14503073240971
ONEWEB-0199             
1 48234U 21031AA  26111.85817283 -.00000188  00000+0 -54084-3 0  9993
2 48234  87.8935 300.9355 0001908  94.1221 266.0127 13.14503011240868
ONEWEB-0203             
1 48235U 21031AB  26111.23971388 -.00000203  00000+0 -58323-3 0  9991
2 48235  87.8941 301.0613 0001852  86.5547 273.5794 13.14502901240791
ONEWEB-0197             
1 48236U 21031AC  26111.82314465  .00000229  00000+0  58390-3 0  9994
2 48236  87.8922 300.9383 0001634 101.3399 258.7915 13.14501899240786
ONEWEB-0194             
1 48237U 21031AD  26111.87878508  .00000030  00000+0  47138-4 0  9992
2 48237  87.8924 300.9462 0001972  90.6151 269.5205 13.14502222240961
ONEWEB-0193             
1 48238U 21031AE  26111.97076326  .00000227  00000+0  57851-3 0  9992
2 48238  87.8924 300.9192 0002176  91.4083 268.7297 13.14502575240921
ONEWEB-0191             
1 48239U 21031AF  26111.22069067  .00000099  00000+0  23148-3 0  9994
2 48239  87.8932 301.0654 0001684  96.8303 263.3019 13.14503368240680
ONEWEB-0195             
1 48240U 21031AG  26111.88275881  .00000114  00000+0  27207-3 0  9999
2 48240  87.8934 300.9306 0001545  75.4469 284.6832 13.14501793240755
ONEWEB-0201             
1 48241U 21031AH  26111.94710744 -.00000113  00000+0 -33999-3 0  9995
2 48241  87.8919 300.9417 0001369  98.1399 261.9886 13.14503216240995
ONEWEB-0207             
1 48242U 21031AJ  26111.77491325 -.00000113  00000+0 -33901-3 0  9991
2 48242  87.8946 300.9542 0001484  96.7267 263.4032 13.14502769240881
ONEWEB-0208             
1 48243U 21031AK  26111.75668590  .00000131  00000+0  31829-3 0  9995
2 48243  87.8932 300.9678 0001632  80.5038 279.6276 13.14502771240892
ONEWEB-0200             
1 48244U 21031AL  26111.56797002 -.00000095  00000+0 -29131-3 0  9990
2 48244  87.8918 300.9927 0001636  87.6316 272.5001 13.14502998240793
ONEWEB-0217             
1 48245U 21031AM  26111.81217065  .00002791  00000+0  74885-2 0  9993
2 48245  87.8936 300.9415 0003098  89.1085 271.0399 13.14516791240778
ONEWEB-0211             
1 48767U 21045A   26111.86012683 -.00000158  00000+0 -45068-3 0  9990
2 48767  87.8946 270.3284 0001882  75.1000 285.0339 13.16192556237038
ONEWEB-0223             
1 48768U 21045B   26111.83479193 -.00000024  00000+0 -98848-4 0  9998
2 48768  87.8953 270.4267 0001964  84.3206 275.8148 13.15547841236999
ONEWEB-0230             
1 48769U 21045C   26111.88233076  .00000698  00000+0  18191-2 0  9998
2 48769  87.8940 270.4361 0001851 100.3577 259.7762 13.15545380237266
ONEWEB-0237             
1 48770U 21045D   26111.87123741  .00000076  00000+0  16756-3 0  9992
2 48770  87.8939 270.4400 0002007  91.8169 268.3191 13.15548019236987
ONEWEB-0235             
1 48771U 21045E   26111.84587255 -.00000171  00000+0 -48704-3 0  9990
2 48771  87.8952 270.4251 0002068  85.9971 274.1396 13.15548015236976
ONEWEB-0242             
1 48772U 21045F   26111.83953050 -.00000066  00000+0 -20892-3 0  9991
2 48772  87.8953 270.4227 0002005  95.2927 264.8432 13.15547916237019
ONEWEB-0241             
1 48773U 21045G   26111.82686980  .00000088  00000+0  20011-3 0  9991
2 48773  87.8943 270.4501 0001847  82.9789 277.1551 13.15547789236922
ONEWEB-0243             
1 48774U 21045H   26111.85856364 -.00000080  00000+0 -24725-3 0  9990
2 48774  87.8941 270.4553 0002346  94.5657 265.5742 13.15548361236959
ONEWEB-0222             
1 48775U 21045J   26111.84191431 -.00000108  00000+0 -32211-3 0  9997
2 48775  87.8953 270.4217 0001868  91.2266 268.9078 13.15546744236994
ONEWEB-0244             
1 48776U 21045K   26111.86806409  .00000015  00000+0  61308-5 0  9994
2 48776  87.8954 270.4078 0001916  93.9297 266.2052 13.15548425237563
ONEWEB-0247             
1 48777U 21045L   26111.86490101  .00000025  00000+0  32296-4 0  9997
2 48777  87.8940 270.4488 0002545  86.5354 273.6067 13.15547956237000
ONEWEB-0245             
1 48778U 21045M   26111.70802441 -.00000027  00000+0 -10586-3 0  9996
2 48778  87.8949 270.4540 0001722  89.3653 270.7674 13.15547199236952
ONEWEB-0229             
1 48779U 21045N   26111.85538247 -.00000138  00000+0 -39947-3 0  9998
2 48779  87.8948 270.4226 0001953  96.2226 263.9127 13.15548401237003
ONEWEB-0228             
1 48780U 21045P   26111.88880729  .00000170  00000+0  41717-3 0  9990
2 48780  87.8961 270.4048 0001867  93.9826 266.1518 13.15548227236921
ONEWEB-0232             
1 48781U 21045Q   26111.86331336 -.00000081  00000+0 -24848-3 0  9993
2 48781  87.8956 270.4118 0001763  94.2588 265.8744 13.15548060237246
ONEWEB-0231             
1 48782U 21045R   26111.84113555 -.00000136  00000+0 -39631-3 0  9990
2 48782  87.8945 270.4354 0001932  89.2396 270.8956 13.15548569236936
ONEWEB-0234             
1 48783U 21045S   26111.87901935  .00000132  00000+0  31724-3 0  9990
2 48783  87.8948 270.4066 0000970  89.4926 270.6315 13.15549456237071
ONEWEB-0238             
1 48784U 21045T   26111.87929979  .00000102  00000+0  23746-3 0  9991
2 48784  87.8943 270.3993 0001359  94.2460 265.8826 13.15547794236978
ONEWEB-0240             
1 48785U 21045U   26111.82448922  .00000082  00000+0  18466-3 0  9991
2 48785  87.8960 270.4192 0001817  85.1556 274.9782 13.15547536236992
ONEWEB-0246             
1 48786U 21045V   26111.89500436  .00000149  00000+0  36162-3 0  9995
2 48786  87.8954 270.4115 0001923  96.3478 263.7872 13.15547847236874
ONEWEB-0210             
1 48787U 21045W   26111.86965056  .00000042  00000+0  78305-4 0  9994
2 48787  87.8950 270.4132 0002674  93.2341 266.9095 13.15547626236911
ONEWEB-0214             
1 48788U 21045X   26111.87835593  .00000105  00000+0  24397-3 0  9999
2 48788  87.8952 270.4079 0002197  99.1350 261.0028 13.15546754236888
ONEWEB-0221             
1 48789U 21045Y   26111.88549256  .00000129  00000+0  30919-3 0  9992
2 48789  87.8952 270.4159 0001937  91.3447 268.7906 13.15548586236974
ONEWEB-0213             
1 48790U 21045Z   26111.87440075 -.00000028  00000+0 -10898-3 0  9996
2 48790  87.8950 270.4217 0002083  91.0624 269.0745 13.15547794237039
ONEWEB-0212             
1 48791U 21045AA  26111.85140787 -.00000169  00000+0 -48310-3 0  9998
2 48791  87.8951 270.4205 0001763  96.1822 263.9509 13.15545996237020
ONEWEB-0227             
1 48792U 21045AB  26111.85062679 -.00000113  00000+0 -33312-3 0  9997
2 48792  87.8949 270.4224 0001809  93.0833 267.0504 13.15548874236979
ONEWEB-0226             
1 48793U 21045AC  26111.84428713 -.00000110  00000+0 -32633-3 0  9994
2 48793  87.8946 270.4298 0002077  93.6684 266.4684 13.15548430236943
ONEWEB-0224             
1 48794U 21045AD  26111.88390662  .00000198  00000+0  49149-3 0  9994
2 48794  87.8942 270.4582 0001419  67.1811 292.9469 13.15547765236870
ONEWEB-0233             
1 48795U 21045AE  26111.88852923  .00000161  00000+0  39456-3 0  9998
2 48795  87.8942 270.4656 0001902  87.1519 272.9829 13.15548406236890
ONEWEB-0190             
1 48796U 21045AF  26111.87598546  .00000110  00000+0  25712-3 0  9990
2 48796  87.8938 270.4295 0002338  83.8363 276.3034 13.15547459236960
ONEWEB-0236             
1 48797U 21045AG  26111.89341643  .00000114  00000+0  26763-3 0  9998
2 48797  87.8943 270.4369 0001660  98.1545 261.9774 13.15547560236859
ONEWEB-0248             
1 48798U 21045AH  26111.90609493 -.00000032  00000+0 -11829-3 0  9999
2 48798  87.8957 270.4120 0001895  81.7036 278.4309 13.15548972237017
ONEWEB-0225             
1 48799U 21045AJ  26111.85220823 -.00000755  00000+0 -20390-2 0  9994
2 48799  87.8939 270.4347 0002757  79.4197 280.7244 13.15551623237010
ONEWEB-0215             
1 48800U 21045AK  26111.89817369  .00000068  00000+0  14694-3 0  9994
2 48800  87.8954 270.4033 0002241  79.9239 280.2144 13.15547497236895
ONEWEB-0216             
1 48801U 21045AL  26111.83162343  .00000026  00000+0  34742-4 0  9995
2 48801  87.8950 270.4334 0001857  97.8660 262.2681 13.15547705236893
ONEWEB-0239             
1 48802U 21045AM  26111.83636928 -.00000102  00000+0 -30479-3 0  9990
2 48802  87.8946 270.4437 0002097  72.9773 287.1587 13.15548029236935
ONEWEB-0249             
1 48967U 21060A   26111.89114254 -.00000029  00000+0 -10995-3 0  9997
2 48967  87.9077 239.9597 0001825  98.5514 261.5824 13.16594498232203
ONEWEB-0250             
1 48968U 21060B   26111.85756479  .00000063  00000+0  11261-3 0  9998
2 48968  87.9078 237.9054 0001032  78.3169 281.8083 13.25830419232751
ONEWEB-0252             
1 48970U 21060D   26111.84602520 -.00000042  00000+0 -14269-3 0  9997
2 48970  87.9074 239.9605 0002114 103.8325 256.3041 13.16594146232243
ONEWEB-0253             
1 48971U 21060E   26111.83493146 -.00000029  00000+0 -10950-3 0  9997
2 48971  87.9076 239.9685 0001861  98.7509 261.3832 13.16593977232175
ONEWEB-0254             
1 48972U 21060F   26111.84444461 -.00000050  00000+0 -16522-3 0  9990
2 48972  87.9076 239.9628 0001886  90.8330 269.3017 13.16594025232173
ONEWEB-0255             
1 48973U 21060G   26111.88243429  .00000114  00000+0  26557-3 0  9994
2 48973  87.9075 239.9633 0001873  95.1234 265.0111 13.16595573232252
ONEWEB-0256             
1 48974U 21060H   26111.75656156 -.00000006  00000+0 -50321-4 0  9995
2 48974  87.9066 239.9957 0001875 104.1812 255.9527 13.16592323232201
ONEWEB-0257             
1 48975U 21060J   26111.86502544  .00000079  00000+0  17215-3 0  9991
2 48975  87.9073 239.9580 0001978  98.5052 261.6303 13.16594187232170
ONEWEB-0258             
1 48976U 21060K   26111.86659793  .00000032  00000+0  51057-4 0  9993
2 48976  87.9075 239.9690 0001799  99.3969 260.7365 13.16594080232183
ONEWEB-0259             
1 48977U 21060L   26111.86026552  .00000019  00000+0  15063-4 0  9997
2 48977  87.9074 239.9699 0001792  96.6046 263.5289 13.16596344232216
ONEWEB-0260             
1 48978U 21060M   26111.85155657  .00000018  00000+0  13788-4 0  9997
2 48978  87.9074 239.9767 0002176 109.6337 250.5029 13.16594564232195
ONEWEB-0261             
1 48979U 21060N   26111.89746792  .00000000  00000+0 -34203-4 0  9995
2 48979  87.9072 239.9657 0002154  95.1918 264.9459 13.16596145232252
ONEWEB-0262             
1 48980U 21060P   26111.87768873  .00000099  00000+0  22593-3 0  9994
2 48980  87.9073 239.9541 0001717  92.9508 267.1820 13.16593558232219
ONEWEB-0263             
1 48981U 21060Q   26111.75734893 -.00000029  00000+0 -11075-3 0  9995
2 48981  87.9075 239.9892 0002031  92.1265 268.0099 13.16594987232162
ONEWEB-0264             
1 48982U 21060R   26111.87056356  .00000061  00000+0  12565-3 0  9999
2 48982  87.9073 239.9705 0002092 101.4403 258.6963 13.16595102232186
ONEWEB-0266             
1 48984U 21060T   26111.89193472  .00000046  00000+0  87208-4 0  9994
2 48984  87.9076 239.9562 0001752 101.5909 258.5419 13.16594199232175
ONEWEB-0267             
1 48985U 21060U   26111.82701841 -.00000025  00000+0 -10015-3 0  9993
2 48985  87.9079 239.9651 0002032  97.5017 262.6345 13.16594958232171
ONEWEB-0268             
1 48986U 21060V   26111.87133535  .00000091  00000+0  20352-3 0  9994
2 48986  87.9077 239.9660 0001954 104.6661 255.4687 13.16592381232444
ONEWEB-0269             
1 48987U 21060W   26111.85235581  .00000010  00000+0 -84772-5 0  9997
2 48987  87.9064 239.9792 0001856 108.0773 252.0560 13.16593704232218
ONEWEB-0270             
1 48988U 21060X   26111.86977351  .00000089  00000+0  19973-3 0  9991
2 48988  87.9076 239.9681 0001898  89.3817 270.7531 13.16593837232251
ONEWEB-0271             
1 48989U 21060Y   26111.85711088 -.00000007  00000+0 -52516-4 0  9997
2 48989  87.9073 239.9619 0002009  94.6476 265.4885 13.16593781232256
ONEWEB-0272             
1 48990U 21060Z   26111.87925718  .00000121  00000+0  28281-3 0  9994
2 48990  87.9076 239.9683 0002155 102.9632 257.1739 13.16592992232205
ONEWEB-0273             
1 48991U 21060AA  26111.82544387 -.00000001  00000+0 -35821-4 0  9997
2 48991  87.9078 239.9775 0001896  96.4498 263.6849 13.16594003232173
ONEWEB-0274             
1 48992U 21060AB  26111.39478134 -.00000015  00000+0 -72912-4 0  9993
2 48992  87.9063 240.0716 0002161 106.5491 253.5877 13.16593519232156
ONEWEB-0275             
1 48993U 21060AC  26111.83968311 -.00000056  00000+0 -18102-3 0  9999
2 48993  87.9075 239.9665 0001983 100.5303 259.6051 13.16594833232147
ONEWEB-0276             
1 48994U 21060AD  26111.87294155  .00000116  00000+0  27068-3 0  9998
2 48994  87.9074 239.9605 0001995 104.7108 255.4244 13.16592912232169
ONEWEB-0277             
1 48995U 21060AE  26111.88560694  .00000146  00000+0  34782-3 0  9998
2 48995  87.9068 239.9696 0001901  96.6765 263.4582 13.16593847232159
ONEWEB-0278             
1 48996U 21060AF  26111.87610458  .00000117  00000+0  27173-3 0  9996
2 48996  87.9073 239.9575 0001617 103.4748 256.6564 13.16593305232281
ONEWEB-0279             
1 48997U 21060AG  26111.88401997  .00000086  00000+0  19188-3 0  9996
2 48997  87.9076 239.9548 0002089  97.8462 262.2906 13.16594946232216
ONEWEB-0280             
1 48998U 21060AH  26111.82305557 -.00000039  00000+0 -13600-3 0  9999
2 48998  87.9077 239.9714 0001660  91.3540 268.7781 13.16593066232149
ONEWEB-0281             
1 48999U 21060AJ  26111.75262721  .00000004  00000+0 -22288-4 0  9991
2 48999  87.9078 239.9797 0001821 102.6474 257.4861 13.16597897232200
ONEWEB-0282             
1 49000U 21060AK  26111.85869195  .00000009  00000+0 -10760-4 0  9991
2 49000  87.9072 239.9688 0001873  96.7049 263.4296 13.16593342232193
ONEWEB-0283             
1 49001U 21060AL  26111.84760394 -.00000027  00000+0 -10308-3 0  9990
2 49001  87.9072 239.9706 0002011  98.3989 261.7370 13.16594164232200
ONEWEB-0284             
1 49002U 21060AM  26111.84127160 -.00000040  00000+0 -13720-3 0  9995
2 49002  87.9073 239.9638 0001542  95.7241 264.4066 13.16594717232189
ONEWEB-0285             
1 49075U 21075A   26111.94970920 -.00000409  00000+0 -11727-2 0  9995
2 49075  87.9000   1.8345 0001797  77.6327 282.5003 13.12443085227831
ONEWEB-0286             
1 49076U 21075B   26111.93178955 -.00000005  00000+0 -50605-4 0  9995
2 49076  87.9001   1.8610 0001638  86.5529 273.5787 13.12440780227181
ONEWEB-0287             
1 49077U 21075C   26111.97388205 -.00000087  00000+0 -25637-3 0  9997
2 49077  87.9187  17.0341 0001449  91.9160 268.2137 13.17646724226223
ONEWEB-0288             
1 49078U 21075D   26111.98444872  .00002009  00000+0  55477-2 0  9990
2 49078  87.8978   1.8219 0002553  57.4752 302.6623 13.12438607227810
ONEWEB-0289             
1 49079U 21075E   26111.48100635  .00000038  00000+0  65954-4 0  9995
2 49079  87.9185  17.1462 0001734  65.7780 294.3532 13.17647890226732
ONEWEB-0290             
1 49080U 21075F   26111.98571188 -.00000001  00000+0 -36720-4 0  9998
2 49080  87.9194  17.0161 0001818  62.0974 298.0341 13.17651229226210
ONEWEB-0291             
1 49081U 21075G   26111.97050608  .00000052  00000+0  10124-3 0  9990
2 49081  87.9192  17.0276 0001444  77.6570 282.4724 13.17647834226203
ONEWEB-0293             
1 49082U 21075H   26111.99582689 -.00000007  00000+0 -50309-4 0  9994
2 49082  87.9187  17.0295 0001787  75.1607 284.9722 13.17648326226238
ONEWEB-0294             
1 49083U 21075J   26111.99123191  .00000474  00000+0  12826-2 0  9990
2 49083  87.9001   1.8238 0001708  69.0504 291.0807 13.12442668227200
ONEWEB-0295             
1 49084U 21075K   26111.99498054  .00000081  00000+0  17562-3 0  9991
2 49084  87.9178  17.0337 0001501  81.0641 279.0661 13.17649508226190
ONEWEB-0296             
1 49085U 21075L   26111.97088862 -.00000046  00000+0 -16422-3 0  9999
2 49085  87.9008   1.8329 0001260  77.6852 282.4418 13.12443048227209
ONEWEB-0297             
1 49086U 21075M   26111.92515034  .00000234  00000+0  61460-3 0  9990
2 49086  87.8990   1.8608 0001643  81.4451 278.6864 13.12442064227807
ONEWEB-0298             
1 49087U 21075N   26111.77153054  .00000063  00000+0  12783-3 0  9998
2 49087  87.9182  17.0757 0001862  84.3105 275.8239 13.17651505226190
ONEWEB-0299             
1 49088U 21075P   26111.77307786 -.00000006  00000+0 -47843-4 0  9997
2 49088  87.9194  17.0505 0001637  82.5214 277.6103 13.17647450226178
ONEWEB-0300             
1 49089U 21075Q   26111.99376738  .00000434  00000+0  11700-2 0  9999
2 49089  87.9003   1.8202 0001987  90.7648 269.3708 13.12443481227839
ONEWEB-0301             
1 49090U 21075R   26111.97767746  .00000269  00000+0  71111-3 0  9991
2 49090  87.9000   1.8229 0002078  87.0722 273.0644 13.12443728227195
ONEWEB-0302             
1 49091U 21075S   26111.96411028 -.00000135  00000+0 -41190-3 0  9998
2 49091  87.9002   1.8355 0001604  70.7378 289.3924 13.12442996227173
ONEWEB-0304             
1 49092U 21075T   26111.97557823  .00000026  00000+0  33703-4 0  9993
2 49092  87.9187  17.0378 0001648  81.1638 278.9680 13.17648053226174
ONEWEB-0305             
1 49093U 21075U   26111.96881870  .00000092  00000+0  20333-3 0  9992
2 49093  87.9189  17.0197 0001492  88.1047 272.0255 13.17648023226208
ONEWEB-0308             
1 49094U 21075V   26111.95733168 -.00000349  00000+0 -10041-2 0  9999
2 49094  87.9002   1.8295 0001777  79.5689 280.5640 13.12442859227189
ONEWEB-0309             
1 49095U 21075W   26111.97219014  .00000075  00000+0  15909-3 0  9994
2 49095  87.9186  17.0319 0001582  66.7706 293.3592 13.17651924226177
ONEWEB-0310             
1 49096U 21075X   26111.97258939  .00000173  00000+0  44511-3 0  9994
2 49096  87.8991   1.8532 0001803  79.0891 281.0440 13.12444863227812
ONEWEB-0311             
1 49097U 21075Y   26111.97895122  .00000029  00000+0  41471-4 0  9999
2 49097  87.9196  17.0274 0001585  93.2363 266.8950 13.17648166226220
ONEWEB-0312             
1 49098U 21075Z   26111.99412527  .00000206  00000+0  49641-3 0  9999
2 49098  87.9184  17.0384 0001574  78.7909 281.3400 13.17648267226204
ONEWEB-0313             
1 49099U 21075AA  26111.77125524  .00000014  00000+0  23267-5 0  9999
2 49099  87.9183  17.0895 0001731  82.0388 278.0940 13.17647499226168
ONEWEB-0314             
1 49100U 21075AB  26111.96545161  .00000081  00000+0  17489-3 0  9997
2 49100  87.9192  17.0172 0001475  80.2209 279.9090 13.17648384226166
ONEWEB-0315             
1 49101U 21075AC  26111.94547441 -.00000368  00000+0 -10593-2 0  9997
2 49101  87.9006   1.8180 0001699  92.8336 267.2987 13.12442177227791
ONEWEB-0316             
1 49102U 21075AD  26111.93439091  .00000034  00000+0  54189-4 0  9997
2 49102  87.9204 346.6481 0001727  84.6648 275.4681 13.18684804229798
ONEWEB-0317             
1 49103U 21075AE  26111.94886098 -.00000418  00000+0 -11964-2 0  9992
2 49103  87.9006   1.8400 0002074  60.0343 300.0992 13.12442050227816
ONEWEB-0318             
1 49104U 21075AF  26111.93108992  .00000022  00000+0  24269-4 0  9995
2 49104  87.9208 346.6452 0001719  91.4250 268.7079 13.18684966229759
ONEWEB-0319             
1 49105U 21075AG  26111.98063988  .00000036  00000+0  58829-4 0  9990
2 49105  87.9187  17.0351 0001776  97.6081 262.5252 13.17648106226203
ONEWEB-0323             
1 49106U 21075AH  26111.93023391  .00000006  00000+0 -17384-4 0  9999
2 49106  87.9014   1.8257 0001479  99.6149 260.5147 13.12441626227177
ONEWEB-0329             
1 49107U 21075AJ  26111.98906511  .00000067  00000+0  13881-3 0  9992
2 49107  87.9197  17.0341 0001672  80.1741 279.9579 13.17647580226186
ONEWEB-0330             
1 49108U 21075AK  26111.48129424 -.00000019  00000+0 -82230-4 0  9992
2 49108  87.9185  17.1538 0001591  74.7308 285.4000 13.17649093226150
ONEWEB-0292             
1 49186U 21083A   26111.87031691 -.00000244  00000+0 -70275-3 0  9993
2 49186  87.8960 331.4625 0001705  90.3280 269.8044 13.13470094223537
ONEWEB-0303             
1 49187U 21083B   26111.92779299 -.00000103  00000+0 -29496-3 0  9996
2 49187  87.9203 346.6475 0001745  88.0353 272.0979 13.18685291222566
ONEWEB-0306             
1 49188U 21083C   26111.15913396  .00000113  00000+0  25429-3 0  9991
2 49188  87.9213 346.7849 0001820  75.9810 284.1524 13.18686189222502
ONEWEB-0307             
1 49189U 21083D   26111.86437802 -.00000306  00000+0 -87192-3 0  9994
2 49189  87.8970 331.4545 0001639  87.2538 272.8778 13.13470423223533
ONEWEB-0320             
1 49190U 21083E   26111.93782586  .00000055  00000+0  10685-3 0  9998
2 49190  87.9207 346.6541 0001751  81.5248 278.6083 13.18683991222569
ONEWEB-0321             
1 49191U 21083F   26111.83787180 -.00000028  00000+0 -10032-3 0  9991
2 49191  87.9137 285.6817 0001856  83.9824 276.1521 13.20769161229397
ONEWEB-0322             
1 49192U 21083G   26111.86016112 -.00000274  00000+0 -78415-3 0  9997
2 49192  87.8963 331.4586 0002136  77.7505 282.3864 13.13469589223527
ONEWEB-0324             
1 49193U 21083H   26111.91129595  .00000152  00000+0  35209-3 0  9991
2 49193  87.9213 346.6407 0001654  79.3106 280.8212 13.18686233222583
ONEWEB-0325             
1 49194U 21083J   26111.91460174 -.00000005  00000+0 -46005-4 0  9999
2 49194  87.9200 346.6538 0001827  83.9939 276.1401 13.18685224222590
ONEWEB-0326             
1 49195U 21083K   26111.92958174  .00000048  00000+0  88634-4 0  9992
2 49195  87.9208 346.6438 0001742  92.6205 267.5127 13.18685200222589
ONEWEB-0327             
1 49196U 21083L   26111.92930441  .00000054  00000+0  10411-3 0  9994
2 49196  87.9202 346.6528 0001913  95.5430 264.5920 13.18684175222607
ONEWEB-0328             
1 49197U 21083M   26111.31676031 -.00000076  00000+0 -24308-3 0  9996
2 49197  87.8980 331.5333 0001577  81.1849 278.9459 13.13469672223434
ONEWEB-0331             
1 49198U 21083N   26111.92282917 -.00000623  00000+0 -16126-2 0  9996
2 49198  87.9208 346.6386 0001665  90.1442 269.9881 13.18694013222590
ONEWEB-0333             
1 49199U 21083P   26111.84492537  .00000061  00000+0  13290-3 0  9993
2 49199  87.8968 331.4597 0001758  84.6977 275.4353 13.13469052223510
ONEWEB-0334             
1 49200U 21083Q   26111.85522997 -.00000003  00000+0 -39325-4 0  9997
2 49200  87.9129 285.6924 0002522  76.7897 283.3517 13.20769911229353
ONEWEB-0335             
1 49201U 21083R   26111.83984089  .00000239  00000+0  61937-3 0  9992
2 49201  87.8973 331.4574 0001616  90.0627 270.0687 13.13469352223526
ONEWEB-0336             
1 49202U 21083S   26111.88724742 -.00000008  00000+0 -57652-4 0  9992
2 49202  87.8972 331.4441 0001444  94.6884 265.4410 13.13470223223524
ONEWEB-0337             
1 49203U 21083T   26111.66874034  .00000354  00000+0  93528-3 0  9992
2 49203  87.8967 331.4949 0001565  84.5778 275.5530 13.13469838223497
ONEWEB-0338             
1 49204U 21083U   26111.75421652 -.00000183  00000+0 -48152-3 0  9992
2 49204  87.9128 285.7175 0002020  85.7151 274.4213 13.20771277229364
ONEWEB-0339             
1 49205U 21083V   26111.90586813  .00000325  00000+0  85407-3 0  9991
2 49205  87.8971 331.4391 0001872  76.2097 283.9240 13.13469046223502
ONEWEB-0340             
1 49206U 21083W   26111.90966459  .00000210  00000+0  50104-3 0  9999
2 49206  87.9216 346.6467 0001600  84.1910 275.9405 13.18688616222558
ONEWEB-0341             
1 49207U 21083X   26111.91624703 -.00001222  00000+0 -31314-2 0  9991
2 49207  87.9201 346.6526 0001518  71.1749 288.9547 13.18690732222578
ONEWEB-0342             
1 49208U 21083Y   26111.76054302  .00000001  00000+0 -30387-4 0  9991
2 49208  87.9138 285.6987 0001858  90.9312 269.2034 13.20769569229335
ONEWEB-0343             
1 49209U 21083Z   26111.92449303 -.00000042  00000+0 -13919-3 0  9996
2 49209  87.9207 346.6474 0001622  65.8238 294.3063 13.18686935222627
ONEWEB-0344             
1 49210U 21083AA  26111.90079541  .00000309  00000+0  81228-3 0  9991
2 49210  87.8960 331.4591 0001411  78.3403 281.7885 13.13469551223503
ONEWEB-0345             
1 49211U 21083AB  26111.89231839  .00000259  00000+0  67545-3 0  9990
2 49211  87.8979 331.4327 0001409  77.4991 282.6295 13.13470740223518
ONEWEB-0346             
1 49212U 21083AC  26111.92119612  .00000085  00000+0  18219-3 0  9990
2 49212  87.9199 346.6524 0001632 105.4271 254.7042 13.18684778222569
ONEWEB-0348             
1 49213U 21083AD  26111.22075972 -.00000197  00000+0 -51591-3 0  9990
2 49213  87.9138 285.8099 0001395 108.0646 252.0640 13.20771761229299
ONEWEB-0350             
1 49214U 21083AE  26111.90160825  .00002579  00000+0  70239-2 0  9991
2 49214  87.8993 331.4276 0002816  90.8620 269.2832 13.13487221223544
ONEWEB-0351             
1 49215U 21083AF  26111.89615086  .00000984  00000+0  23873-2 0  9994
2 49215  87.9143 285.6733 0001959  68.2613 291.8729 13.20767756229341
ONEWEB-0352             
1 49216U 21083AG  26111.88215326 -.00000068  00000+0 -22010-3 0  9995
2 49216  87.8967 331.4488 0001896  72.2684 287.8652 13.13470970223632
ONEWEB-0354             
1 49217U 21083AH  26111.84577497 -.00000067  00000+0 -19636-3 0  9991
2 49217  87.9139 285.6823 0001370  99.5407 260.5881 13.20772803229377
ONEWEB-0355             
1 49218U 21083AJ  26111.30166113  .00000238  00000+0  61636-3 0  9997
2 49218  87.8960 331.5710 0001646  76.9344 283.1969 13.13469826223439
ONEWEB-0357             
1 49219U 21083AK  26111.91835885  .00000072  00000+0  14542-3 0  9994
2 49219  87.9138 285.6624 0001832  88.3485 271.7858 13.20769754229382
ONEWEB-0332             
1 49279U 21090A   26111.89147024  .00000224  00000+0  57088-3 0  9997
2 49279  87.8924 300.9456 0001946  88.0422 272.0930 13.14501926220180
ONEWEB-0347             
1 49280U 21090B   26111.90891079  .00000001  00000+0 -29234-4 0  9994
2 49280  87.9151 285.6733 0001802  94.5052 265.6287 13.20766861223616
ONEWEB-0349             
1 49281U 21090C   26111.86470159  .00000010  00000+0 -84652-5 0  9998
2 49281  87.9140 285.6821 0001766  93.7689 266.3647 13.20773717222399
ONEWEB-0353             
1 49282U 21090D   26111.88354723  .00000081  00000+0  18263-3 0  9999
2 49282  87.8921 300.9415 0001885  88.3559 271.7787 13.14502621220181
ONEWEB-0356             
1 49283U 21090E   26111.86311740 -.00000027  00000+0 -98593-4 0  9997
2 49283  87.9141 285.6757 0002316 113.4573 246.6804 13.20773328222398
ONEWEB-0358             
1 49284U 21090F   26111.89311464  .00000085  00000+0  17750-3 0  9991
2 49284  87.9134 285.6727 0001715  98.6184 261.5144 13.20770033223127
ONEWEB-0359             
1 49285U 21090G   26111.88994922  .00000063  00000+0  12411-3 0  9992
2 49285  87.9134 285.6702 0001536  97.3919 262.7388 13.20769227223108
ONEWEB-0360             
1 49286U 21090H   26111.88049523  .00000011  00000+0 -50428-5 0  9997
2 49286  87.9135 285.6785 0001600  93.8131 266.3186 13.20772945222410
ONEWEB-0361             
1 49287U 21090J   26111.86154558 -.00000022  00000+0 -85956-4 0  9997
2 49287  87.9140 285.6803 0001847  99.7055 260.4287 13.20773027222869
ONEWEB-0362             
1 49288U 21090K   26111.84534868  .00000043  00000+0  76187-4 0  9999
2 49288  87.9159 316.2152 0001742  78.9282 281.2046 13.19724182219487
ONEWEB-0363             
1 49289U 21090L   26111.95306888  .00001339  00000+0  32601-2 0  9991
2 49289  87.9149 285.6626 0001703 107.5953 252.5367 13.20779750222881
ONEWEB-0364             
1 49290U 21090M   26111.38490511 -.00000003  00000+0 -38796-4 0  9999
2 49290  87.9131 285.7866 0001757  93.4356 266.6978 13.20769717223944
ONEWEB-0365             
1 49291U 21090N   26111.85482959  .00000033  00000+0  49877-4 0  9992
2 49291  87.9170 316.1968 0001877  84.8409 275.2938 13.19723753218995
ONEWEB-0366             
1 49292U 21090P   26111.88037399  .00000040  00000+0  72071-4 0  9990
2 49292  87.8916 300.9473 0001703  91.5320 268.6005 13.14502591220163
ONEWEB-0367             
1 49293U 21090Q   26111.87574801  .00002980  00000+0  72957-2 0  9990
2 49293  87.9129 285.6786 0001705  86.2627 273.8701 13.20755463222393
ONEWEB-0368             
1 49294U 21090R   26111.84891372 -.00000026  00000+0 -95675-4 0  9998
2 49294  87.9128 285.7004 0002528  98.3387 261.8033 13.20773065223549
ONEWEB-0369             
1 49295U 21090S   26111.85008209 -.00000004  00000+0 -42383-4 0  9993
2 49295  87.9155 316.2109 0001879  87.3117 272.8231 13.19723537218984
ONEWEB-0370             
1 49296U 21090T   26111.88521737 -.00000019  00000+0 -77468-4 0  9991
2 49296  87.9135 285.6769 0001536  89.2906 270.8403 13.20773123222433
ONEWEB-0371             
1 49297U 21090U   26111.85798645 -.00000028  00000+0 -10334-3 0  9991
2 49297  87.9171 316.1995 0001760  84.4401 275.6933 13.19724293219025
ONEWEB-0372             
1 49298U 21090V   26111.87403159 -.00000033  00000+0 -11416-3 0  9995
2 49298  87.9141 285.6800 0001894  92.1149 268.0202 13.20769651222401
ONEWEB-0373             
1 49299U 21090W   26111.74949740  .00000036  00000+0  56695-4 0  9993
2 49299  87.9135 285.7075 0001709  96.0981 264.0347 13.20769843223570
ONEWEB-0374             
1 49300U 21090X   26111.79156682 -.00000129  00000+0 -38363-3 0  9992
2 49300  87.8926 300.9527 0001843 110.5029 249.6299 13.14503180220155
ONEWEB-0375             
1 49301U 21090Y   26111.88837102 -.00000038  00000+0 -12582-3 0  9990
2 49301  87.9135 285.6699 0001818 111.6360 248.4967 13.20769314223095
ONEWEB-0376             
1 49302U 21090Z   26111.85641364  .00000030  00000+0  41998-4 0  9995
2 49302  87.9162 316.1962 0001909  82.9437 277.1913 13.19725195219020
ONEWEB-0377             
1 49303U 21090AA  26111.95008217 -.00000001  00000+0 -33517-4 0  9999
2 49303  87.9139 285.6591 0001565  95.4629 264.6683 13.20770078223092
ONEWEB-0378             
1 49304U 21090AB  26111.89639796  .00000019  00000+0  14174-4 0  9990
2 49304  87.9130 285.6781 0001834  98.0991 262.0350 13.20769675222357
ONEWEB-0379             
1 49305U 21090AC  26111.55845692 -.00000217  00000+0 -62073-3 0  9990
2 49305  87.8929 301.0101 0001811  94.5163 265.6174 13.14503011220128
ONEWEB-0380             
1 49306U 21090AD  26111.85323932 -.00000010  00000+0 -56436-4 0  9990
2 49306  87.9153 316.2072 0001553  92.6915 267.4396 13.19724042218993
ONEWEB-0381             
1 49307U 21090AE  26111.94677386 -.00000050  00000+0 -15611-3 0  9999
2 49307  87.9139 285.6642 0001801 102.4319 257.7016 13.20772782222402
ONEWEB-0382             
1 49308U 21090AF  26111.85839254 -.00000103  00000+0 -28415-3 0  9999
2 49308  87.9137 285.6774 0001935 103.4050 256.7299 13.20772540222389
ONEWEB-0383             
1 49309U 21090AG  26111.78046806 -.00000249  00000+0 -70736-3 0  9999
2 49309  87.8936 300.9531 0001901  94.2568 265.8779 13.14502119220188
ONEWEB-0384             
1 49310U 21090AH  26111.39398977 -.00000023  00000+0 -89063-4 0  9991
2 49310  87.9139 285.8135 0002116 105.6874 254.4493 13.20809888222339
ONEWEB-0385             
1 49311U 21090AJ  26111.92625373 -.00000021  00000+0 -83031-4 0  9991
2 49311  87.9139 285.6685 0001861  99.9098 260.2246 13.20769295222379
ONEWEB-0386             
1 49312U 21090AK  26111.86785478 -.00000033  00000+0 -11331-3 0  9994
2 49312  87.9147 285.6677 0001968 100.2865 259.8490 13.20769682222382
ONEWEB-0387             
1 49313U 21090AL  26111.85207992 -.00000018  00000+0 -75559-4 0  9990
2 49313  87.9129 285.7015 0001567 102.8321 257.2988 13.20769988222383
ONEWEB-0388             
1 49314U 21090AM  26111.84850216 -.00000027  00000+0 -98826-4 0  9995
2 49314  87.9161 316.2061 0001834  91.5258 268.6085 13.19723480218981
ONEWEB-0389             
1 50469U 21132A   26111.47439502  .00000091  00000+0  20045-3 0  9991
2 50469  87.9181  17.1358 0001629  91.1515 268.9803 13.17647969210614
ONEWEB-0390             
1 50470U 21132B   26111.47607203 -.00000224  00000+0 -60966-3 0  9994
2 50470  87.9187  17.1361 0001619  73.2693 286.8616 13.17648131210616
ONEWEB-0391             
1 50471U 21132C   26111.47776834 -.00000003  00000+0 -40628-4 0  9991
2 50471  87.9180  17.1449 0001182 100.8653 259.2612 13.17647992210619
ONEWEB-0392             
1 50472U 21132D   26111.96376775  .00000054  00000+0  10629-3 0  9997
2 50472  87.9193  17.0127 0001575  90.7028 269.4284 13.17648850210718
ONEWEB-0393             
1 50473U 21132E   26111.25588380  .00000204  00000+0  49331-3 0  9996
2 50473  87.9181  17.1745 0001701  83.9589 276.1737 13.17651101210610
ONEWEB-0394             
1 50474U 21132F   26111.94922430  .00000003  00000+0 -24534-4 0  9998
2 50474  87.9212 346.6260 0001699  88.5245 271.6082 13.18687079214187
ONEWEB-0395             
1 50475U 21132G   26111.47853625  .00000093  00000+0  22802-3 0  9999
2 50475  87.8918  32.3433 0001600  78.1520 281.9788 13.11416633208284
ONEWEB-0396             
1 50476U 21132H   26111.94263706 -.00000069  00000+0 -20892-3 0  9999
2 50476  87.9210 346.6395 0001699  86.8576 273.2750 13.18685604214221
ONEWEB-0397             
1 50477U 21132J   26111.88161534  .00000133  00000+0  30405-3 0  9990
2 50477  87.9186 346.6483 0002060  97.5532 262.5834 13.18682111214196
ONEWEB-0398             
1 50478U 21132K   26111.67522162  .00000313  00000+0  84837-3 0  9994
2 50478  87.8929  32.2893 0001704  71.0357 289.0956 13.11420497208204
ONEWEB-0399             
1 50479U 21132L   26111.81424169 -.00000337  00000+0 -98703-3 0  9994
2 50479  87.8933  32.2717 0001883  94.3099 265.8244 13.11419275208219
ONEWEB-0400             
1 50480U 21132M   26111.93604255 -.00000005  00000+0 -46019-4 0  9991
2 50480  87.9211 346.6309 0001642  77.5248 282.6068 13.18684787214196
ONEWEB-0401             
1 50481U 21132N   26111.90470034 -.00000052  00000+0 -16402-3 0  9999
2 50481  87.9211 346.6332 0001955  82.4281 277.7073 13.18684807214196
ONEWEB-0402             
1 50482U 21132P   26111.94429147  .00000007  00000+0 -16103-4 0  9991
2 50482  87.9211 346.6163 0002225  87.2764 272.8623 13.18685165214228
ONEWEB-0403             
1 50483U 21132Q   26111.89315811  .00000066  00000+0  13574-3 0  9990
2 50483  87.9221 346.6497 0001640  85.1572 274.9747 13.18686439214173
ONEWEB-0404             
1 50484U 21132R   26111.49040889 -.00000340  00000+0 -99619-3 0  9998
2 50484  87.8920  32.3387 0001588  85.7263 274.4047 13.11416080208267
ONEWEB-0405             
1 50485U 21132S   26111.90798115  .00001898  00000+0  47797-2 0  9993
2 50485  87.9210 346.6306 0001381  67.5028 292.6251 13.18699362214574
ONEWEB-0406             
1 50486U 21132T   26111.89810847 -.00000043  00000+0 -14241-3 0  9991
2 50486  87.9206 346.6541 0001386  99.5297 260.5992 13.18688270214201
ONEWEB-0407             
1 50487U 21132U   26111.89150623 -.00000056  00000+0 -17556-3 0  9997
2 50487  87.9227 346.6431 0001914  79.4860 280.6487 13.18685320214141
ONEWEB-0409             
1 50488U 21132V   26111.48871407 -.00000328  00000+0 -96157-3 0  9999
2 50488  87.8928  32.3234 0001552  81.6320 278.4984 13.11416137208155
ONEWEB-0412             
1 50489U 21132W   26111.87995994  .00000029  00000+0  40448-4 0  9990
2 50489  87.9207 346.6565 0002061  85.8917 274.2451 13.18685581214236
ONEWEB-0413             
1 50490U 21132X   26111.88491130  .00000057  00000+0  11226-3 0  9998
2 50490  87.9202 346.6576 0002089  82.1940 277.9429 13.18685492214170
ONEWEB-0414             
1 50491U 21132Y   26111.94594313  .00000004  00000+0 -22013-4 0  9993
2 50491  87.9216 346.6218 0001823  86.7540 273.3801 13.18685164214215
ONEWEB-0417             
1 50492U 21132Z   26111.87831007 -.00000012  00000+0 -63672-4 0  9996
2 50492  87.9205 346.6596 0001606  87.2244 272.9072 13.18684873214186
ONEWEB-0418             
1 50493U 21132AA  26111.88806193  .00000140  00000+0  32156-3 0  9998
2 50493  87.9226 346.6518 0001437  92.0954 268.0343 13.18683675214241
ONEWEB-0419             
1 50494U 21132AB  26111.90633985  .00000042  00000+0  74203-4 0  9990
2 50494  87.9215 346.6476 0001556  79.9091 280.2216 13.18684901214160
ONEWEB-0420             
1 50495U 21132AC  26111.64407548 -.00000022  00000+0 -89563-4 0  9991
2 50495  87.9208 346.7081 0001929  77.6908 282.4440 13.18684345214123
ONEWEB-0421             
1 50496U 21132AD  26111.40986252 -.00000039  00000+0 -13289-3 0  9999
2 50496  87.9209 346.7496 0001947  92.5156 267.6199 13.18685733214135
ONEWEB-0424             
1 50497U 21132AE  26111.90139894  .00000073  00000+0  15219-3 0  9998
2 50497  87.9215 346.6479 0001551  74.4632 285.6672 13.18688045214227
ONEWEB-0426             
1 50498U 21132AF  26111.93764301 -.00000024  00000+0 -93737-4 0  9999
2 50498  87.9209 346.6327 0001818 106.1795 253.9538 13.18690117214178
ONEWEB-0427             
1 50499U 21132AG  26111.89975275  .00000013  00000+0 -47662-6 0  9994
2 50499  87.9221 346.6275 0001595  88.3786 271.7529 13.18685036214192
ONEWEB-0429             
1 50500U 21132AH  26111.65893037  .00000044  00000+0  80130-4 0  9994
2 50500  87.9209 346.7043 0001874  79.7029 280.4314 13.18687497214135
ONEWEB-0430             
1 50501U 21132AJ  26111.95089868 -.00002355  00000+0 -60105-2 0  9994
2 50501  87.9224 346.6427 0001744  71.6507 288.4815 13.18665300214218
ONEWEB-0432             
1 50502U 21132AK  26111.90948854  .00002487  00000+0  62749-2 0  9999
2 50502  87.9220 346.6213 0000826  90.9485 269.1742 13.18668911214167
ONEWEB-0440             
1 50503U 21132AL  26111.89480749 -.00000064  00000+0 -19477-3 0  9994
2 50503  87.9216 346.6472 0002129  85.2749 274.8626 13.18687479214151
ONEWEB-0450             
1 50504U 21132AM  26111.88834634  .00000000  00000+0 -33626-4 0  9992
2 50504  87.9205 346.6594 0001837  77.3045 282.8292 13.18684389214189
ONEWEB-0410             
1 51622U 22012A   26111.64483054 -.00000057  00000+0 -17922-3 0  9995
2 51622  87.9194  17.0850 0001466 126.5324 233.5943 13.17647222206256
ONEWEB-0411             
1 51623U 22012B   26111.89025118  .00000596  00000+0  16699-2 0  9991
2 51623  87.8844  47.4640 0001974  61.0339 299.0986 13.10370577201916
ONEWEB-0415             
1 51624U 22012C   26111.88692647  .00000686  00000+0  19296-2 0  9994
2 51624  87.8848  47.4672 0001800  71.2692 288.8630 13.10371328201916
ONEWEB-0416             
1 51625U 22012D   26111.82218455  .00000199  00000+0  53395-3 0  9998
2 51625  87.8838  47.4997 0001542  70.4169 289.7125 13.10369834201940
ONEWEB-0422             
1 51626U 22012E   26111.95870934  .00000125  00000+0  28820-3 0  9993
2 51626  87.9198  17.0252 0002426  75.6309 284.5092 13.17648224206405
ONEWEB-0423             
1 51627U 22012F   26111.64820173  .00000029  00000+0  41804-4 0  9991
2 51627  87.9190  17.0952 0001962  81.3930 278.7423 13.17648175206254
ONEWEB-0425             
1 51628U 22012G   26111.83213214 -.00000268  00000+0 -80513-3 0  9991
2 51628  87.8847  47.4788 0001774  89.6619 270.4712 13.10368479201943
ONEWEB-0428             
1 51629U 22012H   26111.81223326  .00000665  00000+0  18685-2 0  9994
2 51629  87.8841  47.4918 0001961  79.3153 280.8195 13.10371297201908
ONEWEB-0431             
1 51630U 22012J   26111.85855754 -.00000316  00000+0 -94253-3 0  9997
2 51630  87.8859  47.4723 0002077  60.8221 299.3114 13.10376247201965
ONEWEB-0434             
1 51631U 22012K   26111.37743643 -.00000392  00000+0 -11582-2 0  9995
2 51631  87.8841  47.5933 0001809  99.5970 260.5362 13.10369518201882
ONEWEB-0435             
1 51632U 22012L   26111.76737915 -.00000540  00000+0 -15835-2 0  9994
2 51632  87.8851  47.5049 0002107  76.1774 283.9588 13.10371289201929
ONEWEB-0436             
1 51633U 22012M   26111.48789568 -.00000027  00000+0 -10233-3 0  9993
2 51633  87.9191  17.1061 0002030  76.1875 283.9482 13.17650854206217
